"F3D0","F3D1","F3D2","F3D3","F3D5","F3D6","F3D7","F3D8","F3D9"
"F3D0",0,0.305057639759366,0.312594007063489,0.335840630451868,0.241931365613345,0.265197651163132,0.314813371170299,0.362436191405415,0.315382318812936
"F3D1",0.305057639759366,0,0.234620374877736,0.295380755303496,0.163640869472819,0.25215976302132,0.340482590798187,0.286367710353758,0.228373458400308
"F3D2",0.312594007063489,0.234620374877736,0,0.0868400822832539,0.183343173428826,0.107051771073034,0.153107877288432,0.314770181609417,0.229772981255386
"F3D3",0.335840630451868,0.295380755303496,0.0868400822832539,0,0.170251882410728,0.0824884449778461,0.0645283713054059,0.188564840768016,0.151760555415417
"F3D5",0.241931365613345,0.163640869472819,0.183343173428826,0.170251882410728,0,0.130251972333968,0.167280048664066,0.156198321228934,0.100815919590744
"F3D6",0.265197651163132,0.25215976302132,0.107051771073034,0.0824884449778461,0.130251972333968,0,0.0454601517975934,0.147303688723212,0.102493420451917
"F3D7",0.314813371170299,0.340482590798187,0.153107877288432,0.0645283713054059,0.167280048664066,0.0454601517975934,0,0.118502304283127,0.10159662814554
"F3D8",0.362436191405415,0.286367710353758,0.314770181609417,0.188564840768016,0.156198321228934,0.147303688723212,0.118502304283127,0,0.0243320863171561
"F3D9",0.315382318812936,0.228373458400308,0.229772981255386,0.151760555415417,0.100815919590744,0.102493420451917,0.10159662814554,0.0243320863171561,0
